<?xml version="1.0"?>
<opencv_storage>
<calibration_Time>"02/25/13 16:59:28"</calibration_Time>
<nrOfFrames>25</nrOfFrames>
<image_Width>640</image_Width>
<image_Height>480</image_Height>
<board_Width>9</board_Width>
<board_Height>6</board_Height>
<square_Size>3.6099998474121094e+001</square_Size>
<FixAspectRatio>1.</FixAspectRatio>
<!-- flags:  +fix_aspectRatio +fix_principal_point +zero_tangent_dist -->
<flagValue>14</flagValue>
<Camera_Matrix type_id="opencv-matrix">
  <rows>3</rows>
  <cols>3</cols>
  <dt>d</dt>
  <data>
    7.8915087950353848e+002 0. 3.1950000000000000e+002 0.
    7.8915087950353848e+002 2.3950000000000000e+002 0. 0. 1.</data></Camera_Matrix>
<Distortion_Coefficients type_id="opencv-matrix">
  <rows>5</rows>
  <cols>1</cols>
  <dt>d</dt>
  <data>
    -1.3192279080656072e-001 1.5252294913865913e-001 0. 0.
    -1.1150728065600448e+000</data></Distortion_Coefficients>
<Avg_Reprojection_Error>7.7578825241840266e-001</Avg_Reprojection_Error>
<Per_View_Reprojection_Errors type_id="opencv-matrix">
  <rows>25</rows>
  <cols>1</cols>
  <dt>f</dt>
  <data>
    1.03774524e+000 2.09931403e-001 2.45718241e-001 2.86841154e-001
    1.77411211e+000 3.95339012e-001 4.36011970e-001 3.83957803e-001
    4.25493717e-001 1.99414182e+000 4.68452692e-001 1.20746386e+000
    1.72351575e+000 5.65400302e-001 5.41048408e-001 3.89004976e-001
    2.00461015e-001 2.05446988e-001 2.00866729e-001 2.02819109e-001
    1.95393488e-001 1.47429094e-001 2.81444222e-001 3.65407944e-001
    3.67990643e-001</data></Per_View_Reprojection_Errors>
<!-- a set of 6-tuples (rotation vector + translation vector) for each view -->
<Extrinsic_Parameters type_id="opencv-matrix">
  <rows>25</rows>
  <cols>6</cols>
  <dt>d</dt>
  <data>
    1.8094323345561286e-001 2.0258479130142332e-001
    -3.0663139675711268e+000 6.3609434202637985e+001
    1.2643351799160104e+002 8.8640916191202587e+002
    2.5192292862956545e-001 -1.6665884261027072e-001
    -3.0780351945218789e+000 6.5079235192105315e+001
    1.2071466146921456e+002 8.8294770148035377e+002
    2.6236785443945232e-001 -1.5549233097139839e-001
    -3.0591405827878093e+000 6.7368019902560732e+001
    1.2350448199085918e+002 8.8328643150730932e+002
    2.6515982645342134e-001 -1.6896611927649643e-001
    -3.0618762740751908e+000 7.0145227843336173e+001
    1.1786998043009282e+002 8.8013470511300864e+002
    2.8124956787203648e-001 3.7083754330239921e-001
    -3.0245497735016431e+000 5.3090575946790445e+001
    1.8056640405837081e+002 8.9346014280358463e+002
    -2.8985381818627420e-001 6.4107154333362015e-001
    2.9835101642978672e+000 3.5779396447732944e+002
    1.6011867794534925e+002 1.2467928519504737e+003
    -3.1474729751474623e-001 5.3262956728091493e-001
    3.0271974070785981e+000 3.5067245796761131e+002
    1.9007065757294498e+002 1.2425797741677047e+003
    -3.1197455196461188e-001 4.7736119991560017e-001
    3.0353717183838529e+000 3.4623514884269474e+002
    1.9208767579866009e+002 1.2461684875952608e+003
    -3.5517648556153797e-001 1.9988949495410036e-001
    3.0943432104637010e+000 3.3568559513159931e+002
    2.1885058063410736e+002 1.2428021377702814e+003
    1.9177778435661097e-001 1.3204927236652397e+000
    -2.6565790889284790e+000 -5.3428527339160453e+001
    -1.2366515286539202e+002 1.3439545646572053e+003
    2.0544604467851338e-001 3.7253098731209316e-001
    -3.0119059456765225e+000 -3.8382442468402601e+001
    -1.3529344085947531e+002 1.2566977520161174e+003
    3.7575111044695708e-001 1.7381305125551968e-001
    -3.0153758601518259e+000 -4.1726328738720909e+001
    -1.3763518892400774e+002 1.2325923030432077e+003
    1.1989077389210456e-001 9.4253979626962114e-001
    -2.8668841564803991e+000 2.8035662758454328e+002
    -7.6070253851258514e+000 1.0085970719849881e+003
    1.7689603140090837e-001 1.7039695521638176e-001
    -3.0439669552741218e+000 3.1226801958593057e+002
    -2.5239651898793731e+001 9.4774172225664677e+002
    1.4465827030308784e-001 5.7404166094896111e-002
    -3.0274517712059130e+000 3.0879078570888754e+002
    -1.8809154393790806e+001 9.2118116248020999e+002
    1.5104434076995502e-001 9.5636298813486245e-002
    -3.0292199788868106e+000 3.0344440232928952e+002
    -1.9461925461612125e+001 9.1890482845473298e+002
    -6.4412596927117260e-002 4.8707865829520314e-001
    3.0574815977049945e+000 1.0260502349135455e+001
    1.4773663779134353e+002 1.4991831479677794e+003
    -2.9320894928217368e-002 5.6681186852023913e-001
    3.0678105134752864e+000 3.1534297690722887e+001
    1.0943578296583546e+002 1.4549296416437742e+003
    -2.9923225875851927e-002 5.6172835753026917e-001
    3.0724542380307214e+000 3.5990002163507683e+001
    1.1063630495418543e+002 1.4480643559452649e+003
    -2.8615282780262822e-002 5.2314292632263482e-001
    3.0792048899513484e+000 4.9147932920599331e+001
    1.1258632593356594e+002 1.4258645361386266e+003
    -1.5257888612440193e-002 4.3796926996753310e-001
    3.0945675217341515e+000 5.1265554199486168e+001
    1.1516608899006611e+002 1.3711399516891668e+003
    -8.7691381193423540e-002 3.5739886277374333e-001
    3.0830414630434411e+000 6.3589648616686723e+001
    8.5057313953510274e+001 1.1329667622503198e+003
    -1.2937479307589145e-001 4.1267390044784846e-001
    3.0303608974379945e+000 6.4774804843404780e+001
    1.7029364804778428e+001 9.0532143397397897e+002
    -1.9359645410675480e-001 2.6288194855868774e-001
    3.0623890777000149e+000 6.6633929456991240e+001
    -1.1594220153805111e+001 7.4658149698063232e+002
    -2.4872181503250443e-001 1.2379628793226057e-001
    3.0922350040456346e+000 7.1216186824032491e+001
    -5.1503008002936266e+000 6.8367827425944677e+002</data></Extrinsic_Parameters>
